phone_number
+213 555 92 82 23
+213 770 91 11 42
+213 555 92 82 23
+213 555 02 54 64
+213 770 40 35 45
+213 770 99 66 21
+213 556 46 11 42
+213 540 23 68 09
+213 552 20 99 06
+213 553 26 38 11
+213 770 78 56 42
+213 779 48 78 98
+213 770 31 07 48
+213 771 86 53 41
+213 540 32 52 15
+213 541 03 86 85
+213 798 47 64 45
+213 540 87 81 84
+213 771 79 00 79
+213 31 74 02 27
+213 775 00 55 94
+213 551 49 44 00
+213 797 17 83 46
+213 31 60 50 43
+213 656 30 50 20
+213 549 04 20 13
+213 771 65 39 78
+213 779 13 46 45
+213 549 91 13 23
+213 664 53 96 77
+213 559 79 07 95
+213 771 41 19 58
+213 551 02 12 18
+213 675 54 98 74
+213 795 81 93 55
+213 550 37 77 60
+213 780 98 24 57
+213 552 89 58 62
+213 552 92 08 44
+213 31 99 20 00
+213 31 73 10 73
+213 555 45 70 97
phone_number
+213 36 51 41 14
+213 558 90 63 67
+213 550 83 86 59
+213 550 42 45 98
+213 661 12 45 97
+213 556 24 44 66
+213 666 98 89 77
+213 770 33 28 14
+213 699 37 18 31
+213 552 62 71 60
+213 552 59 09 70
+213 550 94 95 52
+213 558 38 60 40
+213 661 33 65 83
+213 663 05 98 11
+213 698 36 75 47
+213 666 66 75 75
+213 661 15 98 60
+213 550 27 11 57
+213 540 74 05 07
+213 542 83 42 66
+213 698 00 68 48
+213 770 80 80 81
+213 555 47 05 31
+213 659 59 24 80
+213 671 34 59 93
+213 541 89 00 45
+213 772 53 35 69
+213 773 51 64 04
+213 661 61 25 22
+213 671 48 78 25
+213 552 17 42 31
+213 661 44 84 77
+213 561 92 81 40
+213 671 05 17 21
+213 559 23 90 48
+213 44 75 25 02
+213 661 48 06 56
+213 36 81 41 41
+213 559 70 44 80
+213 676 80 68 32
+213 541 92 01 10
+213 660 06 63 62
phone_number
+213 542 67 79 29
+213 549 89 16 96
+213 661 74 94 36
+213 542 67 79 29
+213 668 78 76 26
+213 550 71 38 25
+213 660 21 23 25
+213 663 85 73 15
+213 696 81 05 41
+213 659 74 66 58
+213 550 22 74 93
+213 799 99 11 71
+213 554 58 90 78
+213 656 28 19 15
+213 663 85 73 15
+213 668 78 76 26
+213 549 89 16 96
+213 666 93 27 72
+213 770 52 59 83
+213 771 23 26 23
+213 675 93 29 89
+213 663 84 51 16
+213 549 51 36 13
+213 656 98 89 35
+213 542 82 23 80
+213 661 17 45 41
+213 559 83 33 05
+213 666 40 95 00
+213 662 41 30 91
+213 550 97 33 93
+213 772 09 14 99
phone_number
+213 540 16 01 25
+213 542 77 18 81
+213 552 07 47 76
+213 670 21 87 83
+213 790 52 14 66
+213 550 49 90 64
+213 550 49 90 64
+213 554 80 62 46
phone_number
+213 560 36 31 73
+213 561 61 28 88
+213 555 72 12 40
+213 560 91 23 35
+213 34 12 01 78
+213 556 29 30 94
+213 549 62 45 24
+213 553 50 59 10
+213 783 24 19 77
+213 552 43 45 03
+213 771 35 21 63
+213 557 95 65 71
+213 559 69 18 58
+213 556 52 55 21
+213 793 45 12 29
+213 557 48 47 03
+213 698 44 48 58
+213 658 12 61 58
+213 674 19 66 84
+213 555 05 41 23
phone_number
+213 561 18 29 20
+213 794 29 35 50
+213 776 94 06 02
+213 659 79 23 72
+213 561 94 89 43
+213 798 59 20 80
+213 793 70 70 85
+213 658 40 69 84
+213 699 23 41 35
+213 777 20 92 62
+213 559 21 05 03
+213 671 60 71 08
+213 559 21 05 03
+213 699 98 63 64
phone_number
+213 550 06 34 14
+213 552 04 88 08
+213 552 17 85 90
+213 550 28 89 48
+213 771 98 81 06
+213 661 30 32 16
phone_number
+213 775 68 17 41
+213 699 39 66 18
phone_number
+213 775 43 95 15
+213 41 23 30 52
+213 775 89 31 99
+213 553 59 15 92
+213 560 04 61 71
213 674 98 98 09
+213 550 52 01 58
+213 41 21 82 64
+213 541 77 66 18
+213 541 48 61 13
+213 540 20 11 56
+213 41 85 26 41
+213 555 16 81 68
+213 560 19 65 12
+213 699 54 61 93
+213 795 40 98 25
+213 770 32 70 20
+213 559 67 84 39
+213 792 77 19 35
+213 771 17 88 59
+213 554 38 14 93
+213 784 29 16 32
+213 776 59 17 99
+213 552 55 11 59
+213 790 77 71 68
+213 558 80 00 00
+213 773 21 34 27
+213 41 62 22 57
+213 541 07 24 87
+213 770 60 42 12
+213 784 09 96 26
+213 673 79 27 84
+213 661 23 34 77
+213 774 54 16 83
+213 795 13 50 66
+213 799 34 82 18
+213 782 68 84 46
+213 660 61 44 72
+213 799 30 63 57
+213 550 52 01 58
+213 558 10 76 03
+213 798 87 58 59
+213 792 17 79 83
+213 554 91 60 08
+213 771 82 84 64
+213 555 90 91 15
+213 542 05 94 49
+213 556 36 09 01
+213 772 86 19 63
+213 770 65 80 81
+213 793 46 75 67
+213 553 12 13 70
+213 795 04 23 80
+213 553 75 24 61
+213 797 73 68 80
+213 799 41 87 31
+213 562 67 65 40
+213 799 99 30 03
+213 541 52 22 63
+213 561 68 53 75
+213 656 44 14 78
+213 658 19 40 41
+213 696 35 72 42
+213 549 40 30 98
+213 671 37 86 72
+213 664 84 74 83
+213 41 33 43 80
+213 661 26 28 26
+213 799 63 47 12
+213 557 94 68 79
+213 559 72 33 66
+213 540 42 14 29
+213 770 73 27 82
+213 778 39 90 61
+213 777 56 67 97
+213 770 71 16 95
+213 770 76 21 52
+213 669 13 95 36
phone_number
+213 675 54 34 89
+213 34 47 62 33
+213 553 91 70 99
+213 673 72 37 97
+213 779 19 19 38
+213 656 83 80 51
+213 661 71 72 58
+213 560 09 68 88
+213 771 03 91 72
+213 34 47 37 14
+213 657 36 55 47
+213 783 05 11 01
+213 34 49 66 90
+213 554 94 54 23
+213 554 63 46 39
+213 657 71 37 73
+213 782 82 32 78
phone_number
+213 561 39 71 29
+213 26 19 39 69
+213 556 29 40 74
+213 771 59 50 65
+213 549 94 56 81
+213 553 38 29 97
+213 550 62 18 37
+213 657 64 38 52
+213 541 57 75 34
+213 549 66 28 55
+213 556 75 12 89
+213 776 69 97 08
+213 659 28 63 21
+213 540 87 96 06
+213 550 96 97 80
+213 556 10 60 63
phone_number
+213 560 18 87 00
+213 554 37 81 86
+213 675 13 30 47
+213 673 95 88 18
+213 542 76 68 60
+213 673 12 71 21
+213 699 17 62 96
+213 778 44 29 61
+213 27 79 23 11
+213 666 00 88 49
phone_number
+213 791 03 91 00
+213 661 62 55 44
+213 675 19 99 33
+213 770 53 43 53
+213 663 66 13 70
+213 559 32 95 41
+213 697 94 24 25
+213 773 32 36 99
+213 542 45 04 43
+213 794 60 12 12
+213 541 55 66 21
+213 662 34 84 00
+213 550 27 14 03
+213 670 22 98 27
+213 699 08 40 66
+213 661 73 37 01
+213 655 83 40 52
+213 553 57 05 41
+213 35 55 68 91
+213 698 47 78 48
+213 676 32 32 04
+213 559 61 21 34
phone_number
+213 555 44 77 58
+213 550 42 21 41
+213 553 91 82 74
+213 549 92 74 33
+213 775 29 53 09
+213 43 26 85 12
+213 540 85 82 87
+213 778 87 83 47
+213 43 56 05 82
+213 551 05 47 65
+213 791 11 30 91
+213 778 87 83 47
+213 770 92 02 88
+213 550 56 85 82
+213 43 41 55 10
+213 671 21 54 31
+213 560 95 02 19
+213 556 33 06 99
+213 798 88 34 50
+213 550 60 10 46
+213 771 42 18 78
+213 557 33 42 65
+213 43 27 32 98
+213 795 16 62 27
+213 555 62 55 46
+213 43 40 63 90
+213 556 29 84 56
phone_number
+213 673 47 04 78
+213 768 35 00 00
+213 660 31 94 29
+213 782 89 47 54
+213 799 58 51 06
+213 656 54 83 86
phone_number
+213 550 19 70 07
+213 555 51 75 15
+213 696 48 00 25
+213 782 53 87 58
+213 555 63 99 31
+213 775 24 65 38
+213 660 61 62 03
phone_number
+213 557 93 37 74
+213 550 26 07 00
+213 559 49 56 58
+213 542 36 93 90
+213 552 22 16 74
+213 24 94 31 36
+213 796 62 50 03
+213 784 27 57 77
+213 552 98 12 34
+213 553 56 11 13
+213 556 01 13 15
+213 551 05 23 07
+213 24 74 21 63
+213 550 81 77 32
+213 540 70 73 11
phone_number
+213 540 47 35 66
+213 779 11 27 84
+213 796 96 70 45
+213 551 58 77 20
+213 550 22 70 50
+213 556 70 79 77
+213 799 22 51 00
+213 782 00 00 08
+213 773 91 04 90
+213 774 91 55 91
+213 774 80 67 29
+213 798 11 30 50
phone_number
+213 794 29 35 50
+213 561 18 29 20
+213 776 94 06 02
+213 561 94 89 43
+213 659 79 23 72
+213 798 59 20 80
+213 793 70 70 85
+213 697 44 97 58
+213 777 20 92 62
+213 665 04 11 02
+213 658 40 69 84
+213 777 20 92 62
+213 699 23 41 35
+213 671 60 71 08
+213 559 21 05 03
+213 792 11 99 95
+213 559 21 05 03
+213 664 38 53 77
+213 773 12 68 87
+213 699 98 63 64
phone_number
+213 561 36 85 17
+213 554 98 47 60
+213 553 60 98 75
+213 550 65 03 16
+213 782 56 71 90
+213 669 72 91 72
+213 550 65 03 16
+213 563 47 77 76
+213 774 81 10 12
+213 771 01 25 12
+213 542 55 94 29
+213 794 73 58 54
+213 676 30 11 19
+213 542 60 86 75
+213 557 76 20 90
phone_number
+213 662 71 63 94
+213 668 59 69 86
+213 664 29 85 38
+213 673 89 40 71
+213 699 36 71 91
+213 32 12 26 15
+213 671 41 02 30
phone_number
+213 665 47 25 30
+213 662 24 04 28
+213 29 36 39 60
phone_number
+213 49 36 53 60

+213 662 03 09 04




























































































